[
{
"name": "topic_4",
"data": [ 128, 185, 238, 133, 207, 145, 67, 86, 266, 262, 275, 179, 215, 177, 116, 107, 86, 148, 345, 133, 102, 84, 193, 137, 251, 165, 198, 82, 308, 105, 144, 60, 168, 223, 145, 55, 175, 248, 200, 286, 365, 119, 95, 415, 665, 394, 507, 405, 181, 131, 169, 242, 218, 448, 553, 181, 147, 128, 199, 722, 319, 149, 52, 44, 211, 234, 432, 180, 166, 33, 98, 171, 228, 110, 112, 221, 66, 100, 619, 164, 64, 93, 76, 62, 44, 309, 140, 120, 181, 213, 54 ]
},
{
"name": "topic_0",
"data": [ 46, 157, 533, 459, 787, 466, 242, 164, 707, 524, 424, 151, 206, 65, 52, 115, 131, 177, 306, 315, 146, 110, 200, 605, 976, 505, 400, 88, 110, 263, 423, 205, 386, 427, 115, 67, 467, 663, 1010, 1165, 1693, 180, 185, 922, 1553, 2202, 1925, 868, 212, 111, 138, 644, 617, 998, 812, 211, 161, 808, 1225, 1561, 938, 853, 184, 222, 1150, 1140, 1352, 653, 240, 21, 0, 0, 0, 0, 0, 0, 0, 0, 0, 0, 0, 0, 0, 0, 0, 0, 0, 0, 0, 0, 0 ]
},
{
"name": "topic_5",
"data": [ 24, 12, 164, 101, 227, 163, 186, 38, 58, 88, 235, 82, 189, 115, 27, 53, 59, 79, 74, 107, 90, 97, 51, 136, 357, 134, 112, 92, 128, 77, 137, 59, 253, 209, 88, 58, 145, 266, 206, 230, 256, 94, 36, 236, 274, 136, 253, 208, 221, 79, 99, 246, 222, 259, 252, 71, 27, 149, 958, 274, 309, 236, 94, 76, 402, 664, 1337, 555, 263, 136, 93, 422, 402, 125, 370, 573, 161, 134, 573, 459, 247, 244, 116, 411, 171, 228, 204, 204, 138, 110, 44 ]
},
{
"name": "topic_54",
"data": [ 0, 0, 0, 0, 0, 0, 0, 0, 0, 36, 247, 213, 165, 129, 65, 84, 168, 206, 201, 223, 85, 96, 273, 305, 339, 241, 208, 77, 58, 201, 217, 202, 183, 195, 97, 45, 185, 339, 225, 686, 320, 58, 36, 222, 258, 284, 202, 141, 57, 30, 71, 156, 150, 146, 152, 63, 60, 160, 261, 252, 187, 166, 132, 63, 180, 198, 223, 204, 244, 83, 146, 212, 222, 271, 241, 212, 65, 63, 355, 296, 245, 194, 190, 33, 52, 274, 291, 278, 276, 276, 70 ]
},
{
"name": "topic_61",
"data": [ 0, 0, 0, 0, 0, 0, 0, 0, 0, 0, 0, 0, 0, 0, 0, 0, 0, 0, 0, 0, 0, 0, 0, 0, 0, 0, 0, 0, 0, 0, 0, 0, 0, 0, 0, 0, 0, 0, 0, 0, 0, 0, 0, 0, 0, 0, 0, 0, 0, 0, 0, 0, 0, 0, 0, 0, 0, 0, 0, 0, 0, 0, 0, 0, 0, 0, 0, 0, 0, 0, 0, 0, 0, 0, 0, 0, 0, 57, 2474, 456, 161, 89, 65, 29, 21, 120, 181, 78, 63, 69, 9 ]
},
{
"name": "topic_66",
"data": [ 0, 0, 0, 0, 0, 0, 0, 0, 0, 0, 0, 0, 0, 0, 0, 0, 0, 0, 0, 0, 0, 0, 0, 0, 0, 0, 0, 0, 0, 0, 0, 0, 0, 0, 0, 0, 0, 0, 0, 0, 0, 0, 0, 0, 0, 0, 0, 0, 0, 0, 0, 0, 0, 0, 0, 0, 0, 0, 0, 0, 0, 0, 0, 0, 0, 0, 0, 0, 0, 0, 0, 0, 0, 0, 0, 0, 0, 0, 0, 0, 0, 0, 0, 0, 0, 0, 0, 0, 0, 236, 42 ]
},
{
"name": "topic_10",
"data": [ 5, 34, 0, 0, 0, 0, 0, 0, 0, 0, 0, 0, 0, 0, 0, 0, 0, 0, 0, 0, 0, 0, 0, 0, 0, 0, 0, 0, 0, 0, 0, 0, 0, 0, 0, 0, 0, 0, 0, 0, 0, 0, 0, 0, 0, 0, 0, 0, 0, 0, 0, 0, 0, 0, 0, 0, 0, 0, 0, 0, 0, 0, 0, 0, 0, 0, 0, 0, 0, 0, 0, 0, 0, 0, 0, 0, 0, 0, 0, 0, 0, 0, 0, 0, 0, 0, 0, 0, 0, 0, 0 ]
},
{
"name": "topic_40",
"data": [ 23, 3, 0, 0, 0, 0, 0, 0, 0, 0, 0, 0, 0, 0, 0, 0, 0, 0, 0, 0, 0, 0, 0, 0, 0, 0, 0, 0, 0, 0, 0, 0, 0, 0, 0, 0, 0, 0, 0, 0, 0, 0, 0, 0, 0, 0, 0, 0, 0, 0, 0, 0, 0, 0, 0, 0, 0, 0, 0, 0, 0, 0, 0, 0, 0, 0, 0, 0, 0, 0, 0, 0, 0, 0, 0, 0, 0, 0, 0, 0, 0, 0, 0, 0, 0, 0, 0, 0, 0, 0, 0 ]
},
{
"name": "topic_52",
"data": [ 30, 0, 0, 0, 0, 0, 0, 0, 0, 0, 0, 0, 0, 0, 0, 0, 0, 0, 0, 0, 0, 0, 0, 0, 0, 0, 0, 0, 0, 0, 0, 0, 0, 0, 0, 0, 0, 0, 0, 0, 0, 0, 0, 0, 0, 0, 0, 0, 0, 0, 0, 0, 0, 0, 0, 0, 0, 0, 0, 0, 0, 0, 0, 0, 0, 0, 0, 0, 0, 0, 0, 0, 0, 0, 0, 0, 0, 0, 0, 0, 0, 0, 0, 0, 0, 0, 0, 0, 0, 0, 0 ]
},
{
"name": "topic_56",
"data": [ 0, 0, 0, 0, 0, 0, 0, 0, 0, 0, 0, 0, 0, 0, 0, 0, 0, 0, 0, 0, 0, 0, 0, 0, 0, 0, 0, 0, 0, 0, 0, 0, 0, 0, 0, 0, 0, 0, 0, 0, 0, 0, 0, 0, 0, 64, 140, 29, 9, 5, 10, 32, 36, 23, 37, 16, 11, 37, 220, 321, 99, 93, 12, 16, 83, 84, 52, 41, 51, 153, 42, 93, 101, 433, 116, 89, 6, 18, 221, 102, 47, 51, 52, 10, 17, 65, 63, 60, 78, 61, 15 ]
},
{
"name": "topic_57",
"data": [ 0, 0, 0, 0, 0, 0, 0, 0, 0, 0, 0, 0, 0, 0, 0, 0, 0, 0, 0, 0, 0, 0, 0, 0, 0, 0, 0, 0, 0, 0, 0, 0, 0, 0, 0, 0, 0, 0, 0, 0, 0, 0, 0, 0, 0, 0, 0, 0, 0, 0, 0, 0, 0, 0, 0, 0, 0, 0, 0, 0, 0, 0, 0, 0, 324, 552, 426, 257, 191, 24, 32, 129, 268, 265, 256, 221, 44, 97, 539, 256, 169, 156, 430, 65, 48, 169, 197, 178, 155, 212, 29 ]
},
{
"name": "topic_65",
"data": [ 0, 0, 0, 0, 0, 0, 0, 0, 0, 0, 0, 0, 0, 0, 0, 0, 0, 0, 0, 0, 0, 0, 0, 0, 0, 0, 0, 0, 0, 0, 0, 0, 0, 0, 0, 0, 0, 0, 0, 0, 0, 0, 0, 0, 0, 0, 0, 0, 0, 0, 0, 0, 0, 0, 0, 0, 0, 0, 0, 0, 0, 0, 0, 0, 0, 0, 0, 0, 0, 0, 0, 0, 0, 0, 0, 0, 0, 0, 0, 0, 0, 0, 0, 0, 0, 0, 0, 0, 0, 101, 37 ]
},
{
"name": "topic_55",
"data": [ 0, 0, 0, 0, 0, 0, 0, 0, 0, 0, 0, 0, 0, 0, 0, 0, 0, 0, 0, 0, 0, 0, 0, 6, 18, 21, 13, 13, 9, 16, 11, 10, 18, 10, 19, 16, 26, 23, 33, 31, 43, 23, 10, 65, 78, 91, 54, 29, 11, 12, 4, 30, 28, 32, 25, 10, 11, 28, 57, 69, 29, 31, 21, 18, 53, 43, 72, 42, 23, 21, 9, 29, 32, 31, 25, 41, 12, 9, 93, 50, 24, 24, 35, 3, 6, 36, 35, 33, 54, 54, 7 ]
},
{
"name": "topic_60",
"data": [ 0, 0, 0, 0, 0, 0, 0, 0, 0, 0, 0, 0, 0, 0, 0, 0, 0, 0, 0, 0, 0, 0, 0, 0, 0, 0, 0, 0, 0, 0, 0, 0, 0, 0, 0, 0, 0, 0, 0, 0, 0, 0, 0, 0, 0, 0, 0, 0, 0, 0, 0, 0, 0, 0, 0, 0, 0, 0, 0, 0, 0, 0, 0, 0, 0, 0, 0, 0, 0, 0, 10, 89, 167, 167, 189, 160, 22, 34, 299, 208, 141, 136, 66, 8, 10, 129, 177, 124, 112, 126, 16 ]
},
{
"name": "topic_53",
"data": [ 0, 0, 0, 0, 130, 162, 6, 0, 0, 0, 0, 0, 0, 0, 0, 0, 0, 0, 0, 0, 0, 0, 0, 0, 0, 0, 0, 0, 0, 0, 0, 0, 0, 0, 0, 0, 0, 0, 0, 0, 0, 0, 0, 0, 0, 0, 0, 0, 0, 0, 0, 0, 0, 0, 0, 0, 0, 0, 0, 0, 0, 0, 0, 0, 0, 0, 0, 0, 0, 0, 0, 0, 0, 0, 0, 0, 0, 0, 0, 0, 0, 0, 0, 0, 0, 0, 0, 0, 0, 0, 0 ]
},
{
"name": "topic_59",
"data": [ 0, 0, 0, 0, 0, 0, 0, 0, 0, 0, 0, 0, 0, 0, 0, 0, 0, 0, 0, 0, 0, 0, 0, 0, 0, 0, 0, 0, 0, 0, 0, 0, 0, 0, 0, 0, 0, 0, 0, 0, 0, 0, 0, 0, 0, 0, 0, 0, 0, 0, 0, 0, 0, 0, 0, 0, 0, 0, 0, 0, 0, 0, 0, 0, 0, 0, 0, 0, 0, 38, 87, 347, 722, 625, 664, 798, 168, 193, 1148, 735, 481, 406, 577, 116, 113, 478, 344, 532, 484, 392, 37 ]
},
{
"name": "topic_58",
"data": [ 0, 0, 0, 0, 0, 0, 0, 0, 0, 0, 0, 0, 0, 0, 0, 0, 0, 0, 0, 0, 0, 0, 0, 0, 0, 0, 0, 0, 0, 0, 0, 0, 0, 0, 0, 0, 0, 0, 0, 0, 0, 0, 0, 0, 0, 0, 0, 0, 0, 0, 0, 0, 0, 0, 0, 0, 0, 0, 0, 0, 0, 0, 0, 0, 0, 0, 0, 67, 419, 69, 29, 355, 480, 335, 433, 375, 53, 29, 0, 0, 0, 0, 0, 0, 0, 0, 0, 0, 0, 0, 0 ]
},
{
"name": "topic_64",
"data": [ 0, 0, 0, 0, 0, 0, 0, 0, 0, 0, 0, 0, 0, 0, 0, 0, 0, 0, 0, 0, 0, 0, 0, 0, 0, 0, 0, 0, 0, 0, 0, 0, 0, 0, 0, 0, 0, 0, 0, 0, 0, 0, 0, 0, 0, 0, 0, 0, 0, 0, 0, 0, 0, 0, 0, 0, 0, 0, 0, 0, 0, 0, 0, 0, 0, 0, 0, 0, 0, 0, 0, 0, 0, 0, 0, 0, 0, 0, 0, 244, 192, 180, 160, 43, 16, 140, 173, 187, 176, 49, 0 ]
}
]
