[
{
"name": "topic_4",
"data": [ 79, 254, 163, 417, 334, 174, 114, 92, 233, 153, 170, 194, 166, 104, 73, 170, 238, 227, 241, 181, 74, 98, 227, 458, 435, 278, 330, 166, 175, 306, 253, 243, 297, 144, 90, 132, 178, 153, 125, 154, 275, 232, 210, 223, 178, 266, 314, 98, 58, 42, 151, 191, 252, 232, 314, 99, 50, 136, 274, 873, 334, 385, 151, 368, 464, 528, 449, 722, 46, 0, 0, 0, 0, 0, 0, 0, 0, 0, 0, 0, 0, 0, 0, 0, 0, 0, 0, 0, 0, 0, 0 ]
},
{
"name": "topic_5",
"data": [ 24, 222, 77, 41, 78, 55, 34, 62, 126, 84, 42, 62, 49, 33, 18, 177, 150, 209, 139, 85, 197, 48, 134, 318, 226, 152, 95, 47, 78, 89, 65, 136, 173, 181, 31, 173, 213, 123, 163, 165, 209, 149, 16, 153, 236, 188, 79, 78, 37, 17, 99, 227, 211, 209, 215, 71, 14, 76, 177, 224, 60, 0, 0, 0, 0, 0, 0, 0, 0, 0, 0, 0, 0, 0, 0, 0, 0, 0, 0, 0, 0, 0, 0, 0, 0, 0, 0, 0, 0, 0, 0 ]
},
{
"name": "topic_54",
"data": [ 45, 177, 247, 208, 327, 169, 74, 65, 200, 273, 258, 294, 320, 55, 64, 525, 441, 311, 282, 311, 248, 195, 348, 232, 295, 193, 260, 112, 79, 339, 215, 173, 190, 182, 141, 66, 167, 129, 154, 180, 128, 67, 55, 243, 244, 205, 71, 99, 34, 66, 106, 120, 68, 92, 74, 6, 14, 8, 78, 60, 79, 62, 68, 17, 80, 159, 134, 170, 121, 6, 2, 85, 111, 53, 139, 175, 152, 78, 148, 92, 49, 28, 99, 87, 4, 91, 131, 58, 54, 126, 101 ]
},
{
"name": "topic_61",
"data": [ 12, 61, 165, 37, 164, 25, 10, 8, 160, 98, 50, 72, 36, 27, 11, 105, 173, 168, 135, 205, 41, 22, 0, 0, 0, 0, 0, 0, 0, 0, 0, 0, 0, 0, 0, 0, 0, 0, 0, 0, 0, 0, 0, 0, 0, 0, 0, 0, 0, 0, 0, 0, 0, 0, 0, 0, 0, 0, 0, 0, 0, 0, 0, 0, 0, 0, 0, 0, 0, 0, 0, 0, 0, 0, 0, 0, 0, 0, 0, 0, 0, 0, 0, 0, 0, 0, 0, 0, 0, 0, 0 ]
},
{
"name": "topic_66",
"data": [ 55, 269, 275, 296, 300, 182, 124, 56, 492, 347, 269, 407, 689, 128, 75, 28, 28, 20, 5, 14, 2, 2, 11, 70, 50, 17, 5, 3, 7, 7, 7, 11, 7, 3, 1, 0, 2, 6, 2, 2, 5, 0, 0, 54, 191, 201, 178, 131, 20, 13, 81, 176, 147, 13, 0, 0, 0, 0, 0, 0, 0, 0, 0, 0, 0, 0, 0, 0, 0, 0, 0, 0, 0, 0, 0, 0, 0, 0, 0, 0, 0, 0, 0, 0, 0, 0, 0, 0, 0, 0, 0 ]
},
{
"name": "topic_71",
"data": [ 0, 0, 0, 0, 0, 0, 0, 0, 0, 0, 0, 0, 0, 0, 0, 0, 0, 0, 0, 0, 0, 0, 654, 1104, 1122, 553, 462, 128, 97, 614, 534, 462, 385, 463, 82, 56, 395, 427, 375, 337, 398, 48, 24, 316, 445, 676, 598, 641, 113, 49, 542, 1032, 1212, 824, 642, 111, 62, 79, 691, 1167, 900, 754, 57, 67, 824, 822, 707, 715, 1322, 486, 313, 1348, 1414, 750, 810, 711, 213, 190, 1324, 1580, 1088, 944, 877, 243, 240, 934, 1001, 968, 819, 1126, 454 ]
},
{
"name": "topic_56",
"data": [ 6, 51, 86, 54, 84, 46, 12, 11, 92, 329, 246, 93, 30, 9, 4, 153, 211, 54, 56, 92, 64, 11, 60, 275, 208, 130, 51, 19, 13, 44, 87, 138, 75, 45, 9, 3, 86, 20, 33, 27, 32, 8, 4, 36, 76, 135, 104, 96, 17, 4, 43, 151, 249, 182, 45, 0, 0, 0, 0, 0, 0, 0, 0, 0, 0, 0, 0, 0, 0, 0, 0, 0, 0, 0, 0, 0, 0, 0, 0, 0, 0, 0, 0, 0, 0, 0, 0, 0, 0, 0, 0 ]
},
{
"name": "topic_57",
"data": [ 25, 157, 172, 188, 167, 52, 25, 17, 172, 161, 121, 113, 143, 36, 23, 980, 1420, 1071, 796, 1225, 234, 265, 645, 442, 574, 277, 251, 36, 34, 336, 372, 267, 239, 326, 40, 33, 234, 270, 264, 156, 196, 21, 19, 160, 236, 301, 245, 283, 17, 0, 0, 0, 0, 0, 0, 0, 0, 0, 0, 0, 0, 0, 0, 0, 0, 0, 0, 0, 0, 0, 0, 0, 0, 0, 0, 0, 0, 0, 0, 0, 0, 0, 0, 0, 0, 0, 0, 0, 0, 0, 0 ]
},
{
"name": "topic_65",
"data": [ 32, 340, 243, 159, 154, 53, 42, 21, 135, 109, 261, 158, 100, 53, 29, 176, 254, 248, 226, 282, 124, 85, 168, 267, 277, 137, 126, 71, 47, 133, 131, 195, 126, 133, 48, 35, 88, 127, 128, 124, 141, 24, 19, 126, 130, 299, 275, 381, 98, 90, 704, 430, 271, 292, 268, 76, 73, 80, 321, 339, 320, 281, 55, 49, 192, 229, 187, 199, 248, 49, 49, 555, 252, 125, 145, 216, 19, 39, 208, 188, 105, 189, 194, 31, 51, 197, 232, 268, 757, 407, 410 ]
},
{
"name": "topic_55",
"data": [ 5, 35, 75, 70, 128, 23, 11, 5, 81, 64, 52, 71, 56, 8, 9, 95, 188, 99, 0, 0, 0, 0, 0, 0, 0, 0, 0, 0, 0, 0, 0, 0, 0, 0, 0, 0, 0, 0, 0, 0, 0, 0, 0, 0, 0, 0, 0, 0, 0, 0, 0, 0, 0, 0, 0, 0, 0, 0, 0, 0, 0, 0, 0, 0, 0, 0, 0, 0, 0, 0, 0, 0, 0, 0, 0, 0, 0, 0, 0, 0, 0, 0, 0, 0, 0, 0, 0, 0, 0, 0, 0 ]
},
{
"name": "topic_77",
"data": [ 0, 0, 0, 0, 0, 0, 0, 0, 0, 0, 0, 0, 0, 0, 0, 0, 0, 0, 0, 0, 0, 0, 0, 0, 0, 0, 0, 0, 0, 0, 0, 0, 0, 0, 0, 0, 0, 0, 0, 0, 0, 0, 0, 0, 0, 0, 0, 0, 0, 0, 0, 0, 0, 0, 0, 0, 0, 0, 0, 0, 0, 0, 0, 0, 0, 0, 0, 0, 0, 0, 0, 0, 561, 593, 506, 355, 151, 0, 0, 0, 0, 0, 0, 0, 0, 0, 0, 0, 0, 0, 0 ]
},
{
"name": "topic_72",
"data": [ 0, 0, 0, 0, 0, 0, 0, 0, 0, 0, 0, 0, 0, 0, 0, 0, 0, 0, 0, 0, 0, 0, 0, 194, 178, 158, 128, 26, 21, 158, 185, 121, 116, 177, 19, 13, 75, 86, 86, 77, 52, 6, 5, 65, 102, 145, 132, 79, 6, 3, 95, 0, 0, 0, 0, 0, 0, 0, 0, 0, 0, 0, 0, 0, 0, 0, 0, 0, 0, 0, 0, 0, 0, 0, 0, 0, 0, 0, 0, 0, 0, 0, 0, 0, 0, 0, 0, 0, 0, 0, 0 ]
},
{
"name": "topic_60",
"data": [ 23, 151, 126, 118, 77, 22, 13, 22, 108, 152, 134, 146, 139, 20, 18, 0, 0, 0, 0, 0, 0, 0, 0, 0, 0, 0, 0, 0, 0, 0, 0, 0, 0, 0, 0, 0, 0, 0, 0, 0, 0, 0, 0, 0, 0, 0, 0, 0, 0, 0, 0, 0, 0, 0, 0, 0, 0, 0, 0, 0, 0, 0, 0, 0, 0, 0, 0, 0, 0, 0, 0, 0, 0, 0, 0, 0, 0, 0, 0, 0, 0, 0, 0, 0, 0, 0, 0, 0, 0, 0, 0 ]
},
{
"name": "topic_67",
"data": [ 0, 0, 0, 0, 0, 0, 0, 0, 56, 308, 252, 37, 0, 0, 0, 0, 0, 0, 0, 0, 0, 0, 0, 0, 0, 0, 0, 0, 0, 0, 0, 0, 0, 0, 0, 0, 0, 0, 0, 0, 0, 0, 0, 0, 0, 0, 0, 0, 0, 0, 0, 0, 0, 0, 0, 0, 0, 0, 0, 0, 0, 0, 0, 0, 0, 0, 0, 0, 0, 0, 0, 0, 0, 0, 0, 0, 0, 0, 0, 0, 0, 0, 0, 0, 0, 0, 0, 0, 0, 0, 0 ]
},
{
"name": "topic_59",
"data": [ 49, 173, 291, 408, 195, 0, 0, 0, 0, 0, 0, 0, 0, 0, 0, 0, 0, 0, 0, 0, 0, 0, 0, 0, 0, 0, 0, 0, 0, 0, 0, 0, 0, 0, 0, 0, 0, 0, 0, 0, 0, 0, 0, 0, 0, 0, 0, 0, 0, 0, 0, 0, 0, 0, 0, 0, 0, 0, 0, 0, 0, 0, 0, 0, 0, 0, 0, 0, 0, 0, 0, 0, 0, 0, 0, 0, 0, 0, 0, 0, 0, 0, 0, 0, 0, 0, 0, 0, 0, 0, 0 ]
},
{
"name": "topic_76",
"data": [ 0, 0, 0, 0, 0, 0, 0, 0, 0, 0, 0, 0, 0, 0, 0, 0, 0, 0, 0, 0, 0, 0, 0, 0, 0, 0, 0, 0, 0, 0, 0, 0, 0, 0, 0, 0, 0, 0, 0, 0, 0, 0, 0, 0, 0, 0, 0, 0, 0, 0, 0, 0, 0, 0, 0, 0, 0, 0, 0, 0, 0, 0, 0, 0, 0, 0, 0, 0, 0, 0, 0, 76, 0, 0, 0, 0, 0, 0, 0, 0, 0, 0, 0, 0, 0, 0, 0, 0, 0, 0, 0 ]
},
{
"name": "topic_74",
"data": [ 0, 0, 0, 0, 0, 0, 0, 0, 0, 0, 0, 0, 0, 0, 0, 0, 0, 0, 0, 0, 0, 0, 0, 0, 0, 0, 0, 0, 0, 0, 0, 0, 0, 0, 0, 0, 0, 0, 0, 0, 0, 0, 1, 89, 132, 16, 0, 0, 0, 0, 0, 0, 0, 0, 0, 0, 0, 0, 0, 0, 0, 0, 0, 0, 0, 0, 0, 0, 0, 0, 0, 0, 0, 0, 0, 0, 0, 0, 0, 0, 0, 0, 0, 0, 0, 0, 0, 0, 0, 0, 0 ]
},
{
"name": "topic_75",
"data": [ 0, 0, 0, 0, 0, 0, 0, 0, 0, 0, 0, 0, 0, 0, 0, 0, 0, 0, 0, 0, 0, 0, 0, 0, 0, 0, 0, 0, 0, 0, 0, 0, 0, 0, 0, 0, 0, 0, 0, 0, 0, 0, 0, 0, 0, 0, 0, 0, 0, 0, 0, 0, 0, 0, 0, 0, 0, 0, 0, 0, 0, 0, 0, 0, 0, 0, 0, 0, 0, 7, 0, 0, 0, 0, 0, 0, 0, 0, 0, 0, 0, 0, 0, 0, 0, 0, 0, 0, 0, 0, 0 ]
},
{
"name": "topic_69",
"data": [ 0, 0, 0, 0, 0, 0, 0, 0, 0, 0, 0, 0, 83, 0, 0, 0, 0, 0, 0, 0, 0, 0, 0, 0, 0, 0, 0, 0, 0, 0, 0, 0, 0, 0, 0, 0, 0, 0, 0, 0, 0, 0, 0, 0, 0, 0, 0, 0, 0, 0, 0, 0, 0, 0, 0, 0, 0, 0, 0, 0, 0, 0, 0, 0, 0, 0, 0, 0, 0, 0, 0, 0, 0, 0, 0, 0, 0, 0, 0, 0, 0, 0, 0, 0, 0, 0, 0, 0, 0, 0, 0 ]
},
{
"name": "topic_68",
"data": [ 0, 0, 0, 0, 0, 0, 0, 0, 0, 0, 0, 120, 0, 0, 0, 0, 0, 0, 0, 0, 0, 0, 0, 0, 0, 0, 0, 0, 0, 0, 0, 0, 0, 0, 0, 0, 0, 0, 0, 0, 0, 0, 0, 0, 0, 0, 0, 0, 0, 0, 0, 0, 0, 0, 0, 0, 0, 0, 0, 0, 0, 0, 0, 0, 0, 0, 0, 0, 0, 0, 0, 0, 0, 0, 0, 0, 0, 0, 0, 0, 0, 0, 0, 0, 0, 0, 0, 0, 0, 0, 0 ]
},
{
"name": "topic_78",
"data": [ 0, 0, 0, 0, 0, 0, 0, 0, 0, 0, 0, 0, 0, 0, 0, 0, 0, 0, 0, 0, 0, 0, 0, 0, 0, 0, 0, 0, 0, 0, 0, 0, 0, 0, 0, 0, 0, 0, 0, 0, 0, 0, 0, 0, 0, 0, 0, 0, 0, 0, 0, 0, 0, 0, 0, 0, 0, 0, 0, 0, 0, 0, 0, 0, 0, 0, 0, 0, 0, 0, 0, 0, 0, 0, 0, 0, 0, 0, 0, 0, 0, 18, 0, 0, 0, 0, 0, 0, 0, 0, 0 ]
}
]
