[
{
"name": "topic_44",
"data": [ 79, 39, 23, 1, 16, 3, 17, 51, 25, 12, 41, 15, 68, 12, 15, 17, 3, 27, 20, 10, 6, 27, 25, 13, 11, 28, 17, 3, 75, 16, 10, 4, 56, 86, 38, 22, 30, 71, 28, 99, 98, 49, 37, 44, 65, 20, 8, 29, 55, 28, 73, 79, 35, 51, 47, 57, 44, 12, 17, 473, 50, 10, 1, 3, 6, 15, 72, 24, 9, 1, 1, 4, 9, 6, 3, 15, 13, 7, 19, 0, 7, 1, 1, 31, 0, 4, 1, 1, 2, 2, 3, 0 ]
},
{
"name": "topic_282",
"data": [ 0, 0, 0, 0, 0, 0, 0, 0, 28, 45, 74, 18, 31, 7, 6, 22, 16, 25, 22, 41, 19, 24, 58, 132, 159, 56, 24, 11, 5, 14, 35, 17, 46, 22, 6, 2, 28, 35, 63, 207, 81, 8, 44, 43, 108, 129, 109, 38, 3, 6, 4, 25, 26, 35, 50, 38, 4, 37, 69, 144, 159, 48, 16, 12, 52, 95, 64, 37, 32, 1, 5, 29, 45, 33, 43, 36, 2, 10, 209, 79, 24, 10, 17, 4, 1, 14, 14, 33, 29, 19, 3, 12 ]
},
{
"name": "topic_331",
"data": [ 0, 0, 0, 0, 0, 0, 0, 0, 0, 0, 0, 0, 0, 0, 0, 0, 0, 0, 0, 0, 0, 0, 0, 0, 0, 0, 0, 0, 0, 0, 0, 0, 0, 0, 0, 0, 0, 0, 0, 0, 0, 0, 0, 0, 0, 0, 0, 0, 0, 0, 10, 52, 48, 113, 82, 16, 7, 96, 96, 117, 44, 46, 5, 8, 149, 156, 90, 72, 53, 10, 13, 50, 85, 92, 77, 72, 15, 41, 185, 70, 43, 35, 41, 4, 1, 58, 70, 50, 44, 84, 8, 3 ]
},
{
"name": "topic_287",
"data": [ 0, 0, 0, 0, 0, 0, 0, 0, 0, 0, 0, 0, 0, 0, 0, 0, 0, 2, 40, 9, 58, 10, 19, 10, 8, 15, 8, 2, 4, 4, 7, 0, 5, 16, 2, 11, 10, 5, 11, 24, 22, 8, 5, 79, 46, 65, 48, 31, 6, 24, 8, 11, 103, 31, 38, 13, 43, 16, 8, 16, 1, 8, 3, 1, 60, 37, 84, 11, 2, 1, 76, 62, 120, 11, 60, 86, 22, 3, 137, 48, 14, 3, 5, 2, 0, 56, 50, 29, 33, 7, 0, 0 ]
},
{
"name": "topic_296",
"data": [ 0, 0, 0, 0, 0, 0, 0, 0, 0, 0, 0, 0, 0, 0, 0, 0, 0, 0, 0, 0, 0, 0, 0, 0, 0, 0, 9, 3, 10, 33, 85, 7, 24, 29, 5, 3, 0, 0, 0, 0, 0, 0, 0, 0, 0, 0, 0, 0, 0, 0, 0, 0, 0, 0, 0, 0, 0, 0, 0, 0, 0, 0, 0, 0, 0, 0, 0, 0, 0, 0, 0, 0, 0, 0, 0, 0, 0, 0, 0, 0, 0, 0, 0, 0, 0, 0, 0, 0, 0, 0, 0, 0 ]
},
{
"name": "topic_51",
"data": [ 3, 1, 14, 11, 79, 5, 2, 0, 73, 123, 85, 58, 1, 35, 12, 7, 2, 2, 6, 6, 1, 1, 1, 4, 30, 9, 35, 8, 1, 26, 29, 3, 11, 11, 2, 2, 13, 45, 10, 7, 28, 4, 2, 32, 260, 69, 76, 33, 12, 1, 2, 12, 5, 211, 64, 6, 4, 6, 23, 11, 4, 7, 1, 5, 32, 7, 130, 19, 8, 2, 0, 5, 66, 20, 14, 6, 6, 7, 163, 27, 8, 25, 10, 1, 3, 77, 65, 42, 87, 25, 6, 5 ]
},
{
"name": "topic_293",
"data": [ 0, 0, 0, 0, 0, 0, 0, 0, 0, 0, 0, 0, 0, 0, 0, 0, 0, 0, 0, 0, 0, 0, 0, 20, 36, 75, 52, 19, 157, 61, 36, 34, 20, 3, 0, 1, 11, 4, 7, 5, 14, 6, 1, 18, 7, 9, 13, 5, 3, 7, 5, 4, 6, 1, 1, 1, 1, 3, 6, 18, 9, 15, 7, 4, 22, 15, 13, 10, 8, 1, 1, 6, 7, 5, 14, 7, 5, 3, 41, 11, 14, 5, 7, 4, 10, 25, 12, 31, 16, 12, 5, 6 ]
},
{
"name": "topic_279",
"data": [ 0, 0, 0, 0, 0, 11, 92, 47, 142, 50, 62, 14, 10, 11, 5, 11, 16, 39, 53, 31, 14, 4, 10, 28, 94, 30, 20, 2, 4, 17, 64, 46, 19, 50, 15, 9, 72, 90, 106, 77, 108, 20, 14, 102, 113, 172, 112, 47, 9, 32, 15, 62, 37, 51, 25, 19, 20, 177, 146, 105, 55, 32, 9, 11, 68, 46, 98, 61, 60, 3, 10, 148, 152, 47, 45, 39, 3, 3, 71, 79, 58, 10, 11, 4, 3, 53, 105, 38, 10, 18, 0, 0 ]
},
{
"name": "topic_311",
"data": [ 0, 0, 0, 0, 0, 0, 0, 0, 0, 0, 0, 0, 0, 0, 0, 0, 0, 0, 0, 0, 0, 0, 0, 0, 0, 0, 0, 0, 0, 0, 0, 0, 0, 0, 0, 0, 0, 0, 0, 0, 0, 0, 0, 202, 347, 102, 117, 40, 8, 7, 12, 26, 25, 43, 35, 14, 10, 40, 103, 70, 38, 22, 7, 9, 28, 66, 67, 34, 6, 1, 1, 20, 21, 23, 51, 72, 20, 17, 133, 47, 34, 59, 44, 11, 10, 34, 28, 37, 24, 32, 19, 15 ]
},
{
"name": "topic_313",
"data": [ 0, 0, 0, 0, 0, 0, 0, 0, 0, 0, 0, 0, 0, 0, 0, 0, 0, 0, 0, 0, 0, 0, 0, 0, 0, 0, 0, 0, 0, 0, 0, 0, 0, 0, 0, 0, 0, 0, 0, 0, 0, 0, 0, 0, 116, 108, 67, 54, 110, 25, 24, 30, 61, 59, 37, 10, 31, 57, 82, 36, 55, 50, 78, 18, 56, 76, 64, 58, 119, 10, 51, 34, 65, 51, 25, 13, 5, 14, 89, 55, 39, 14, 27, 1, 5, 56, 48, 50, 58, 51, 16, 7 ]
},
{
"name": "topic_370",
"data": [ 0, 0, 0, 0, 0, 0, 0, 0, 0, 0, 0, 0, 0, 0, 0, 0, 0, 0, 0, 0, 0, 0, 0, 0, 0, 0, 0, 0, 0, 0, 0, 0, 0, 0, 0, 0, 0, 0, 0, 0, 0, 0, 0, 0, 0, 0, 0, 0, 0, 0, 0, 0, 0, 0, 0, 0, 0, 0, 0, 0, 0, 0, 0, 0, 0, 0, 0, 0, 0, 0, 0, 33, 60, 67, 43, 44, 7, 8, 87, 42, 26, 24, 17, 4, 2, 28, 24, 115, 34, 32, 5, 5 ]
},
{
"name": "topic_320",
"data": [ 0, 0, 0, 0, 0, 0, 0, 0, 0, 0, 0, 0, 0, 0, 0, 0, 0, 0, 0, 0, 0, 0, 0, 0, 0, 0, 0, 0, 0, 0, 0, 0, 0, 0, 0, 0, 0, 0, 0, 0, 0, 0, 0, 0, 0, 10, 57, 40, 8, 4, 5, 36, 45, 124, 46, 13, 41, 24, 48, 91, 52, 37, 6, 11, 8, 7, 7, 4, 17, 4, 4, 7, 20, 10, 20, 16, 1, 68, 1033, 188, 26, 13, 5, 16, 5, 16, 2, 3, 2, 9, 0, 1 ]
},
{
"name": "topic_400",
"data": [ 0, 0, 0, 0, 0, 0, 0, 0, 0, 0, 0, 0, 0, 0, 0, 0, 0, 0, 0, 0, 0, 0, 0, 0, 0, 0, 0, 0, 0, 0, 0, 0, 0, 0, 0, 0, 0, 0, 0, 0, 0, 0, 0, 0, 0, 0, 0, 0, 0, 0, 0, 0, 0, 0, 0, 0, 0, 0, 0, 0, 0, 0, 0, 0, 0, 0, 0, 0, 0, 0, 0, 0, 0, 0, 0, 0, 0, 0, 0, 3, 2, 1, 0, 1, 0, 3, 1, 10, 49, 60, 25, 12 ]
},
{
"name": "topic_183",
"data": [ 0, 3, 11, 11, 52, 29, 15, 15, 68, 27, 28, 26, 30, 7, 9, 22, 35, 75, 61, 60, 18, 7, 37, 68, 309, 44, 28, 3, 7, 12, 33, 14, 50, 21, 17, 2, 21, 28, 42, 141, 487, 27, 8, 55, 221, 89, 54, 10, 2, 1, 3, 7, 8, 7, 9, 4, 4, 13, 107, 115, 47, 17, 0, 8, 22, 21, 14, 18, 7, 145, 22, 26, 28, 216, 45, 20, 1, 0, 0, 0, 0, 0, 0, 0, 0, 0, 0, 0, 0, 0, 0, 0 ]
},
{
"name": "topic_166",
"data": [ 1, 2, 72, 63, 99, 40, 121, 10, 10, 38, 54, 9, 43, 61, 9, 12, 11, 9, 16, 41, 20, 9, 9, 21, 35, 24, 21, 12, 41, 23, 25, 22, 57, 20, 7, 3, 12, 34, 74, 114, 139, 47, 12, 94, 141, 60, 148, 106, 87, 43, 40, 50, 63, 81, 44, 5, 6, 48, 674, 89, 35, 23, 15, 13, 75, 197, 386, 138, 71, 57, 7, 0, 0, 0, 0, 0, 0, 0, 0, 0, 0, 0, 0, 0, 0, 0, 0, 0, 0, 0, 0, 0 ]
},
{
"name": "topic_1",
"data": [ 0, 0, 22, 9, 36, 24, 6, 9, 38, 35, 40, 10, 24, 10, 14, 31, 9, 15, 13, 10, 7, 12, 17, 23, 33, 13, 8, 23, 16, 12, 12, 15, 14, 31, 18, 9, 14, 16, 17, 19, 26, 5, 8, 39, 15, 10, 17, 19, 10, 9, 4, 34, 11, 20, 19, 12, 4, 23, 14, 9, 8, 18, 16, 18, 28, 29, 124, 39, 26, 20, 9, 24, 31, 14, 31, 34, 8, 10, 15, 29, 21, 18, 8, 10, 15, 22, 16, 15, 18, 18, 20, 14 ]
},
{
"name": "topic_268",
"data": [ 25, 62, 116, 169, 210, 155, 57, 47, 179, 85, 76, 43, 58, 16, 10, 20, 62, 68, 69, 45, 10, 20, 63, 57, 64, 52, 54, 17, 12, 47, 51, 54, 37, 48, 19, 11, 46, 63, 64, 70, 102, 21, 11, 98, 103, 136, 99, 43, 11, 9, 30, 70, 49, 59, 44, 21, 11, 61, 84, 104, 68, 48, 14, 14, 85, 62, 59, 39, 54, 21, 8, 45, 62, 68, 53, 58, 11, 5, 86, 37, 40, 40, 48, 8, 7, 59, 36, 48, 35, 39, 4, 2 ]
},
{
"name": "topic_314",
"data": [ 0, 0, 0, 0, 0, 0, 0, 0, 0, 0, 0, 0, 0, 0, 0, 0, 0, 0, 0, 0, 0, 0, 0, 0, 0, 0, 0, 0, 0, 0, 0, 0, 0, 0, 0, 0, 0, 0, 0, 0, 0, 0, 0, 0, 63, 314, 257, 65, 6, 3, 9, 36, 15, 51, 26, 6, 2, 23, 48, 72, 45, 32, 5, 3, 75, 50, 76, 23, 25, 0, 0, 12, 37, 39, 47, 46, 4, 6, 68, 63, 29, 23, 31, 2, 3, 24, 38, 23, 29, 49, 6, 4 ]
},
{
"name": "topic_16",
"data": [ 2, 7, 7, 5, 18, 55, 11, 7, 64, 48, 22, 49, 45, 17, 34, 13, 5, 12, 8, 13, 9, 1, 4, 32, 29, 22, 8, 2, 2, 6, 17, 16, 15, 13, 8, 14, 14, 25, 22, 53, 18, 8, 6, 25, 32, 17, 13, 13, 5, 3, 1, 20, 21, 7, 18, 5, 7, 4, 20, 13, 30, 13, 12, 5, 19, 18, 88, 36, 3, 2, 4, 11, 8, 6, 10, 90, 29, 12, 22, 15, 7, 15, 9, 5, 2, 7, 6, 3, 16, 54, 6, 1 ]
},
{
"name": "topic_31",
"data": [ 48, 49, 89, 9, 39, 34, 14, 5, 4, 25, 112, 30, 67, 31, 4, 14, 23, 39, 8, 18, 15, 1, 6, 18, 8, 34, 38, 5, 2, 32, 25, 2, 61, 68, 5, 0, 32, 105, 29, 45, 88, 8, 2, 57, 63, 25, 47, 38, 4, 4, 3, 112, 17, 72, 42, 24, 3, 33, 82, 23, 81, 88, 18, 5, 54, 53, 65, 46, 9, 0, 0, 23, 50, 24, 19, 31, 1, 0, 32, 61, 11, 83, 10, 337, 103, 19, 14, 35, 22, 4, 1, 1 ]
},
{
"name": "topic_176",
"data": [ 0, 0, 2, 2, 16, 11, 7, 3, 12, 98, 117, 93, 47, 82, 24, 30, 41, 56, 43, 75, 12, 54, 55, 83, 247, 19, 9, 4, 5, 7, 15, 10, 2, 7, 6, 3, 8, 32, 7, 12, 2, 3, 2, 8, 20, 13, 10, 14, 6, 3, 2, 10, 19, 10, 15, 12, 6, 7, 5, 7, 8, 14, 8, 8, 12, 15, 24, 27, 11, 12, 14, 14, 8, 4, 11, 13, 2, 1, 2, 5, 5, 6, 5, 1, 9, 10, 6, 7, 4, 5, 3, 3 ]
},
{
"name": "topic_305",
"data": [ 0, 0, 0, 0, 0, 0, 0, 0, 0, 0, 0, 0, 0, 0, 0, 0, 0, 0, 0, 0, 0, 0, 0, 0, 0, 0, 0, 0, 0, 0, 0, 0, 0, 0, 0, 0, 32, 111, 136, 187, 453, 77, 86, 317, 241, 294, 262, 77, 14, 4, 6, 78, 80, 67, 65, 2, 0, 0, 0, 0, 0, 0, 0, 0, 0, 0, 0, 0, 0, 0, 0, 0, 0, 0, 0, 0, 0, 0, 0, 0, 0, 0, 0, 0, 0, 0, 0, 0, 0, 0, 0, 0 ]
},
{
"name": "topic_380",
"data": [ 0, 0, 0, 0, 0, 0, 0, 0, 0, 0, 0, 0, 0, 0, 0, 0, 0, 0, 0, 0, 0, 0, 0, 0, 0, 0, 0, 0, 0, 0, 0, 0, 0, 0, 0, 0, 0, 0, 0, 0, 0, 0, 0, 0, 0, 0, 0, 0, 0, 0, 0, 0, 0, 0, 0, 0, 0, 0, 0, 0, 0, 0, 0, 0, 0, 0, 0, 0, 0, 0, 0, 44, 207, 48, 213, 320, 56, 82, 149, 189, 113, 52, 10, 13, 7, 45, 53, 29, 24, 44, 9, 5 ]
},
{
"name": "topic_312",
"data": [ 0, 0, 0, 0, 0, 0, 0, 0, 0, 0, 0, 0, 0, 0, 0, 0, 0, 0, 0, 0, 0, 0, 0, 0, 0, 0, 0, 0, 0, 0, 0, 0, 0, 0, 0, 0, 0, 0, 0, 0, 0, 0, 0, 0, 217, 167, 147, 59, 26, 19, 16, 43, 19, 60, 58, 4, 49, 54, 64, 140, 49, 45, 7, 14, 52, 111, 92, 55, 50, 2, 0, 26, 44, 64, 74, 60, 9, 8, 71, 49, 27, 31, 317, 40, 26, 29, 34, 20, 14, 17, 1, 1 ]
},
{
"name": "topic_286",
"data": [ 0, 0, 0, 0, 0, 0, 0, 0, 0, 0, 0, 0, 0, 0, 0, 0, 0, 14, 111, 31, 3, 6, 7, 17, 16, 14, 17, 12, 7, 9, 6, 6, 20, 25, 4, 2, 28, 28, 50, 25, 50, 9, 6, 61, 55, 157, 73, 34, 14, 5, 5, 18, 21, 46, 34, 2, 4, 38, 57, 63, 34, 35, 13, 12, 58, 65, 71, 40, 38, 6, 5, 30, 46, 27, 40, 46, 14, 12, 52, 36, 20, 21, 14, 1, 1, 15, 8, 12, 23, 15, 1, 0 ]
},
{
"name": "topic_343",
"data": [ 0, 0, 0, 0, 0, 0, 0, 0, 0, 0, 0, 0, 0, 0, 0, 0, 0, 0, 0, 0, 0, 0, 0, 0, 0, 0, 0, 0, 0, 0, 0, 0, 0, 0, 0, 0, 0, 0, 0, 0, 0, 0, 0, 0, 0, 0, 0, 0, 0, 0, 0, 0, 0, 0, 0, 0, 0, 0, 73, 126, 49, 63, 21, 29, 112, 138, 105, 43, 40, 7, 27, 34, 44, 69, 81, 59, 7, 17, 218, 100, 31, 28, 30, 5, 7, 35, 32, 31, 50, 48, 8, 7 ]
},
{
"name": "topic_318",
"data": [ 0, 0, 0, 0, 0, 0, 0, 0, 0, 0, 0, 0, 0, 0, 0, 0, 0, 0, 0, 0, 0, 0, 0, 0, 0, 0, 0, 0, 0, 0, 0, 0, 0, 0, 0, 0, 0, 0, 0, 0, 0, 0, 0, 0, 0, 28, 35, 28, 14, 4, 9, 19, 16, 12, 8, 7, 10, 18, 37, 50, 15, 19, 13, 2, 27, 24, 14, 9, 10, 4, 1, 9, 16, 10, 41, 16, 3, 7, 20, 19, 24, 11, 27, 14, 12, 90, 20, 9, 14, 13, 2, 2 ]
},
{
"name": "topic_340",
"data": [ 0, 0, 0, 0, 0, 0, 0, 0, 0, 0, 0, 0, 0, 0, 0, 0, 0, 0, 0, 0, 0, 0, 0, 0, 0, 0, 0, 0, 0, 0, 0, 0, 0, 0, 0, 0, 0, 0, 0, 0, 0, 0, 0, 0, 0, 0, 0, 0, 0, 0, 0, 0, 0, 0, 226, 44, 2, 4, 13, 8, 8, 10, 2, 4, 5, 2, 9, 3, 18, 3, 0, 7, 9, 1, 9, 3, 1, 4, 30, 7, 2, 2, 2, 1, 2, 6, 7, 7, 10, 2, 0, 0 ]
},
{
"name": "topic_375",
"data": [ 0, 0, 0, 0, 0, 0, 0, 0, 0, 0, 0, 0, 0, 0, 0, 0, 0, 0, 0, 0, 0, 0, 0, 0, 0, 0, 0, 0, 0, 0, 0, 0, 0, 0, 0, 0, 0, 0, 0, 0, 0, 0, 0, 0, 0, 0, 0, 0, 0, 0, 0, 0, 0, 0, 0, 0, 0, 0, 0, 0, 0, 0, 0, 0, 0, 0, 0, 0, 0, 0, 9, 225, 15, 19, 7, 3, 0, 0, 0, 0, 0, 0, 0, 0, 0, 0, 0, 0, 0, 0, 0, 0 ]
},
{
"name": "topic_29",
"data": [ 11, 12, 10, 13, 34, 9, 5, 3, 16, 14, 4, 8, 1, 5, 3, 15, 7, 6, 6, 6, 18, 10, 13, 26, 52, 15, 17, 78, 24, 7, 16, 10, 12, 17, 6, 1, 5, 11, 145, 73, 60, 9, 8, 80, 31, 51, 34, 10, 3, 3, 16, 6, 43, 30, 73, 12, 7, 31, 30, 24, 36, 33, 8, 5, 49, 142, 30, 16, 24, 7, 40, 34, 29, 3, 9, 9, 2, 9, 49, 17, 26, 10, 25, 26, 5, 67, 8, 34, 6, 6, 4, 7 ]
},
{
"name": "topic_304",
"data": [ 0, 0, 0, 0, 0, 0, 0, 0, 0, 0, 0, 0, 0, 0, 0, 0, 0, 0, 0, 0, 0, 0, 0, 0, 0, 0, 0, 0, 0, 0, 0, 0, 22, 99, 49, 21, 77, 92, 92, 560, 158, 17, 8, 21, 34, 12, 8, 7, 0, 1, 1, 9, 0, 19, 10, 2, 3, 5, 48, 26, 4, 6, 0, 0, 9, 3, 1, 4, 6, 2, 2, 19, 10, 11, 13, 13, 1, 2, 27, 16, 22, 6, 7, 0, 0, 0, 0, 0, 0, 0, 0, 0 ]
},
{
"name": "topic_291",
"data": [ 0, 0, 0, 0, 0, 0, 0, 0, 0, 0, 0, 0, 0, 0, 0, 0, 0, 0, 0, 13, 8, 12, 13, 32, 46, 40, 29, 4, 3, 15, 25, 9, 30, 38, 83, 17, 33, 57, 59, 66, 55, 7, 11, 74, 116, 115, 87, 43, 15, 10, 3, 19, 38, 60, 93, 18, 4, 29, 61, 109, 36, 35, 12, 9, 38, 78, 61, 34, 47, 14, 10, 0, 0, 0, 0, 0, 0, 0, 0, 0, 0, 0, 0, 0, 0, 0, 0, 0, 0, 0, 0, 0 ]
},
{
"name": "topic_281",
"data": [ 0, 0, 0, 0, 0, 0, 0, 0, 90, 80, 99, 53, 44, 4, 4, 11, 22, 18, 46, 38, 7, 10, 14, 55, 80, 39, 55, 6, 17, 73, 48, 39, 27, 29, 6, 9, 73, 61, 87, 103, 185, 14, 0, 0, 0, 0, 0, 0, 0, 0, 0, 0, 0, 0, 0, 0, 0, 0, 0, 0, 0, 0, 0, 0, 0, 0, 0, 0, 0, 0, 0, 0, 0, 0, 0, 0, 0, 0, 0, 0, 0, 0, 0, 0, 0, 0, 0, 0, 0, 0, 0, 0 ]
},
{
"name": "topic_3",
"data": [ 3, 11, 29, 21, 37, 22, 10, 11, 51, 55, 61, 42, 42, 17, 17, 20, 17, 36, 40, 39, 24, 34, 37, 87, 83, 50, 103, 18, 16, 49, 48, 56, 60, 35, 13, 0, 0, 0, 0, 0, 0, 0, 0, 0, 0, 0, 0, 0, 0, 0, 0, 0, 0, 0, 0, 0, 0, 0, 0, 0, 0, 0, 0, 0, 0, 0, 0, 0, 0, 0, 0, 0, 0, 0, 0, 0, 0, 0, 0, 0, 0, 0, 0, 0, 0, 0, 0, 0, 0, 0, 0, 0 ]
},
{
"name": "topic_338",
"data": [ 0, 0, 0, 0, 0, 0, 0, 0, 0, 0, 0, 0, 0, 0, 0, 0, 0, 0, 0, 0, 0, 0, 0, 0, 0, 0, 0, 0, 0, 0, 0, 0, 0, 0, 0, 0, 0, 0, 0, 0, 0, 0, 0, 0, 0, 0, 0, 0, 0, 0, 0, 0, 0, 0, 32, 46, 7, 41, 194, 60, 59, 95, 16, 25, 64, 46, 66, 51, 65, 12, 10, 25, 18, 25, 29, 62, 11, 12, 37, 16, 21, 14, 37, 11, 8, 26, 11, 20, 35, 37, 10, 9 ]
},
{
"name": "topic_52",
"data": [ 1, 18, 17, 15, 31, 67, 12, 4, 19, 21, 36, 11, 5, 31, 32, 14, 14, 19, 15, 4, 5, 4, 128, 22, 33, 8, 21, 6, 8, 22, 36, 14, 16, 27, 24, 12, 57, 155, 17, 20, 21, 6, 5, 16, 25, 43, 22, 44, 24, 2, 5, 9, 6, 6, 5, 6, 3, 8, 24, 21, 12, 7, 6, 15, 13, 11, 19, 12, 8, 7, 3, 14, 32, 31, 32, 14, 5, 8, 82, 23, 12, 27, 22, 1, 2, 23, 15, 16, 28, 32, 2, 6 ]
},
{
"name": "topic_78",
"data": [ 0, 11, 6, 35, 45, 48, 15, 20, 38, 35, 58, 47, 120, 22, 7, 24, 15, 21, 65, 23, 34, 19, 13, 82, 28, 74, 44, 10, 11, 30, 62, 10, 81, 43, 19, 13, 24, 39, 60, 47, 40, 17, 9, 26, 19, 19, 24, 35, 10, 3, 11, 41, 15, 9, 28, 10, 8, 30, 30, 49, 34, 33, 8, 8, 34, 23, 35, 10, 46, 16, 14, 45, 31, 21, 16, 53, 16, 18, 163, 48, 27, 15, 23, 13, 27, 69, 30, 14, 24, 16, 0, 39 ]
}
]
