[
{
"name": "topic_54",
"data": [ 87, 130, 61, 111, 145, 156, 161, 114, 106, 63, 128, 205, 110, 115, 10, 45, 74, 48, 103, 101, 54, 84, 76, 68, 65, 76, 23, 76, 13, 52, 256, 98, 81, 25, 16, 10, 46, 21, 30, 35, 19, 4, 6, 12, 25, 63, 20, 59, 10, 19, 15, 26, 23, 25, 28, 10, 3, 12, 14, 18, 18, 22, 3, 5, 7, 20, 5, 23, 42, 18, 7, 32, 62, 158, 78, 85, 47, 13, 7, 2, 4, 32, 74, 76, 56, 164, 189, 109, 105, 152, 74, 46 ]
},
{
"name": "topic_85",
"data": [ 0, 0, 0, 0, 0, 0, 0, 0, 0, 0, 0, 0, 0, 0, 0, 0, 0, 0, 0, 0, 0, 0, 0, 0, 0, 0, 0, 0, 0, 0, 0, 0, 0, 0, 0, 0, 0, 0, 0, 0, 0, 0, 0, 0, 0, 0, 0, 0, 0, 0, 0, 0, 0, 0, 0, 0, 0, 0, 0, 0, 94, 253, 80, 50, 111, 262, 165, 377, 429, 91, 77, 413, 295, 390, 280, 358, 104, 46, 108, 441, 430, 252, 321, 88, 100, 565, 400, 435, 182, 169, 30, 69 ]
},
{
"name": "topic_71",
"data": [ 471, 1345, 1270, 488, 960, 1400, 359, 242, 1322, 1597, 1325, 1368, 1370, 261, 208, 1179, 1635, 1411, 1564, 1194, 383, 365, 1676, 2064, 3281, 1368, 1650, 703, 316, 1389, 1781, 1176, 791, 1059, 102, 115, 827, 632, 561, 519, 549, 91, 89, 739, 496, 258, 315, 327, 148, 144, 564, 1256, 1163, 1155, 873, 568, 267, 890, 845, 870, 1117, 850, 140, 123, 190, 495, 134, 646, 1306, 190, 173, 1107, 1017, 727, 779, 739, 168, 64, 131, 170, 119, 154, 763, 363, 282, 1297, 1430, 1165, 1281, 1254, 295, 214 ]
},
{
"name": "topic_80",
"data": [ 0, 0, 0, 0, 0, 0, 0, 0, 0, 0, 0, 0, 0, 0, 0, 0, 0, 0, 0, 0, 0, 0, 0, 0, 0, 0, 0, 0, 0, 425, 593, 497, 506, 439, 164, 278, 1194, 533, 799, 438, 608, 211, 91, 550, 411, 498, 598, 344, 336, 142, 187, 493, 494, 436, 481, 1819, 420, 876, 783, 496, 663, 494, 351, 151, 189, 582, 177, 253, 694, 239, 77, 402, 528, 929, 749, 630, 673, 616, 58, 48, 30, 135, 288, 501, 165, 675, 571, 439, 351, 739, 316, 85 ]
},
{
"name": "topic_82",
"data": [ 0, 0, 0, 0, 0, 0, 0, 0, 0, 0, 0, 0, 0, 0, 0, 0, 0, 0, 0, 0, 0, 0, 0, 0, 0, 0, 0, 0, 0, 0, 0, 0, 0, 0, 0, 0, 0, 0, 0, 0, 0, 0, 0, 116, 498, 518, 612, 1485, 192, 35, 977, 495, 264, 101, 255, 261, 101, 333, 124, 79, 51, 51, 6, 29, 28, 75, 16, 41, 155, 24, 10, 76, 50, 160, 420, 283, 31, 8, 4, 9, 6, 24, 90, 435, 137, 217, 58, 62, 86, 181, 35, 25 ]
},
{
"name": "topic_79",
"data": [ 0, 0, 0, 0, 0, 0, 0, 0, 0, 0, 0, 0, 0, 0, 0, 0, 0, 0, 0, 0, 0, 0, 0, 0, 25, 34, 109, 13, 3, 16, 49, 217, 15, 47, 5, 2, 21, 95, 153, 65, 121, 5, 6, 99, 95, 25, 10, 40, 1, 1, 42, 16, 17, 16, 19, 5, 1, 17, 11, 11, 22, 17, 4, 0, 6, 16, 18, 32, 57, 16, 10, 0, 0, 0, 0, 0, 0, 0, 0, 0, 0, 0, 0, 0, 0, 0, 0, 0, 0, 0, 0, 0 ]
},
{
"name": "topic_81",
"data": [ 0, 0, 0, 0, 0, 0, 0, 0, 0, 0, 0, 0, 0, 0, 0, 0, 0, 0, 0, 0, 0, 0, 0, 0, 0, 0, 0, 0, 0, 0, 0, 0, 0, 0, 44, 102, 297, 306, 272, 179, 171, 73, 44, 225, 254, 211, 237, 250, 150, 71, 357, 318, 378, 340, 274, 373, 92, 0, 0, 0, 0, 0, 0, 0, 0, 0, 0, 0, 0, 0, 0, 0, 0, 0, 0, 0, 0, 0, 0, 0, 0, 0, 0, 0, 0, 0, 0, 0, 0, 0, 0, 0 ]
},
{
"name": "topic_88",
"data": [ 0, 0, 0, 0, 0, 0, 0, 0, 0, 0, 0, 0, 0, 0, 0, 0, 0, 0, 0, 0, 0, 0, 0, 0, 0, 0, 0, 0, 0, 0, 0, 0, 0, 0, 0, 0, 0, 0, 0, 0, 0, 0, 0, 0, 0, 0, 0, 0, 0, 0, 0, 0, 0, 0, 0, 0, 0, 0, 0, 0, 0, 0, 0, 0, 0, 0, 0, 0, 0, 0, 0, 0, 0, 0, 0, 0, 0, 0, 0, 0, 6, 2, 0, 0, 0, 0, 0, 0, 0, 0, 0, 0 ]
},
{
"name": "topic_87",
"data": [ 0, 0, 0, 0, 0, 0, 0, 0, 0, 0, 0, 0, 0, 0, 0, 0, 0, 0, 0, 0, 0, 0, 0, 0, 0, 0, 0, 0, 0, 0, 0, 0, 0, 0, 0, 0, 0, 0, 0, 0, 0, 0, 0, 0, 0, 0, 0, 0, 0, 0, 0, 0, 0, 0, 0, 0, 0, 0, 0, 0, 0, 0, 0, 0, 0, 0, 0, 0, 0, 0, 0, 0, 0, 0, 0, 0, 0, 4, 31, 31, 2, 0, 0, 0, 0, 0, 0, 0, 0, 0, 0, 0 ]
},
{
"name": "topic_86",
"data": [ 0, 0, 0, 0, 0, 0, 0, 0, 0, 0, 0, 0, 0, 0, 0, 0, 0, 0, 0, 0, 0, 0, 0, 0, 0, 0, 0, 0, 0, 0, 0, 0, 0, 0, 0, 0, 0, 0, 0, 0, 0, 0, 0, 0, 0, 0, 0, 0, 0, 0, 0, 0, 0, 0, 0, 0, 0, 0, 0, 0, 0, 0, 0, 0, 0, 0, 0, 0, 0, 0, 0, 0, 132, 525, 539, 457, 128, 25, 0, 0, 0, 0, 0, 0, 0, 0, 0, 0, 0, 0, 0, 0 ]
},
{
"name": "topic_84",
"data": [ 0, 0, 0, 0, 0, 0, 0, 0, 0, 0, 0, 0, 0, 0, 0, 0, 0, 0, 0, 0, 0, 0, 0, 0, 0, 0, 0, 0, 0, 0, 0, 0, 0, 0, 0, 0, 0, 0, 0, 0, 0, 0, 0, 0, 0, 0, 0, 0, 0, 0, 0, 0, 0, 0, 0, 0, 0, 423, 768, 52, 0, 0, 0, 0, 0, 0, 0, 0, 0, 0, 0, 0, 0, 0, 0, 0, 0, 0, 0, 0, 0, 0, 0, 0, 0, 0, 0, 0, 0, 0, 0, 0 ]
},
{
"name": "topic_83",
"data": [ 0, 0, 0, 0, 0, 0, 0, 0, 0, 0, 0, 0, 0, 0, 0, 0, 0, 0, 0, 0, 0, 0, 0, 0, 0, 0, 0, 0, 0, 0, 0, 0, 0, 0, 0, 0, 0, 0, 0, 0, 0, 0, 0, 0, 0, 0, 61, 32, 0, 0, 0, 0, 0, 0, 0, 0, 0, 0, 0, 0, 0, 0, 0, 0, 0, 0, 0, 0, 0, 0, 0, 0, 0, 0, 0, 0, 0, 0, 0, 0, 0, 0, 0, 0, 0, 0, 0, 0, 0, 0, 0, 0 ]
}
]
