Date	Open	High	Low	Close	Volume	Adj Close
31/12/2012	243.75	252.41	242.75	250.87	3419000	250.87
28/12/2012	245.85	247.44	245.05	245.18	1858700	245.18
27/12/2012	248.28	249.35	242.86	248.31	3639300	248.31
26/12/2012	257.15	257.42	248.04	248.63	4152700	248.63
24/12/2012	257.3	259.5	256.96	258.62	984400	258.62
21/12/2012	257.82	258.38	255.74	256.92	4704600	256.92
20/12/2012	258.36	262.41	256.54	261.5	2584600	261.5
19/12/2012	261.3	261.67	257.68	257.99	2300000	257.99
18/12/2012	254.57	263.11	254.57	260.4	4961000	260.4
17/12/2012	249.81	254	249.26	253.86	2277000	253.86
14/12/2012	250.11	251.9	247.79	249.19	2526900	249.19
13/12/2012	251.11	254.54	250.02	251.25	2460200	251.25
12/12/2012	251.07	254.36	250.06	251.76	2628100	251.76
11/12/2012	248.5	253.48	246.65	250.69	4185200	250.69
10/12/2012	253.1	254.78	247.3	247.77	3503800	247.77
07/12/2012	254.14	255.21	252.01	253.27	2170300	253.27
06/12/2012	253	255.17	251.51	253.37	3557900	253.37
05/12/2012	252.44	255.55	250.38	253.96	2852200	253.96
04/12/2012	249.94	253	248.66	252.49	3114700	252.49
03/12/2012	252.54	254.16	250	250.33	2990600	250.33
30/11/2012	250.38	252.65	248.27	252.05	3797400	252.05
29/11/2012	248.05	252.48	247.5	251.27	5310500	251.27
28/11/2012	242.45	247.23	241.5	247.11	2743400	247.11
27/11/2012	243.22	245.67	241.54	243.4	3048500	243.4
26/11/2012	240.39	244.32	238	243.62	4178300	243.62
23/11/2012	239.89	240	236.48	239.88	1776800	239.88
21/11/2012	233.84	238.67	232.75	238.03	2959300	238.03
20/11/2012	230	233.82	229.5	233.78	2771700	233.78
19/11/2012	228.32	232.5	227.45	229.71	3591200	229.71
16/11/2012	221.31	226.25	218.64	225.23	4352800	225.23
15/11/2012	222.3	225.16	218.18	220.6	3404700	220.6
14/11/2012	226.5	227.41	222.51	222.95	3034100	222.95
13/11/2012	225.12	227.9	224.71	226.6	2629800	226.6
12/11/2012	226.59	229.22	225.41	226.47	2128800	226.47
09/11/2012	226.26	230.97	224.6	226.31	3092500	226.31
08/11/2012	232.22	233.45	227.1	227.35	2982400	227.35
07/11/2012	235.65	235.66	229.42	232.06	3624200	232.06
06/11/2012	235.41	237.75	234.45	237.56	2661300	237.56
05/11/2012	232.04	234.83	230.11	234.33	1846100	234.33
02/11/2012	234.01	237.4	232.11	232.42	3374700	232.42
01/11/2012	234.23	234.55	231.34	232.14	3905100	232.14
31/10/2012	236.32	238.7	230.5	232.89	4797600	232.89
26/10/2012	228.6	238.71	226.69	238.24	11367500	238.24
25/10/2012	230.92	230.92	222.92	222.92	6741300	222.92
24/10/2012	235.88	235.94	227.95	228.49	3678700	228.49
23/10/2012	231.05	236.5	230.01	234.31	4430800	234.31
22/10/2012	238.81	238.95	232.32	233.78	4500000	233.78
19/10/2012	245.16	246.82	238.94	240	4395300	240
18/10/2012	247.77	250.91	242.7	244.85	5305300	244.85
17/10/2012	243.37	248.8	243.3	247.49	3302700	247.49
16/10/2012	244.87	245.77	242.08	243.94	2204100	243.94
15/10/2012	242.85	244.78	238.51	244.18	2959800	244.18
12/10/2012	243.18	245.46	241.91	242.36	2203200	242.36
11/10/2012	248	249.3	241.89	244.22	3447300	244.22
10/10/2012	252	252.46	244.01	244.99	3948300	244.99
09/10/2012	258.67	259.35	250.73	250.96	3494800	250.96
08/10/2012	257.67	259.8	255.56	259.06	1762300	259.06
05/10/2012	261.2	261.9	257.49	258.51	2806500	258.51
04/10/2012	256.01	261.52	255.87	260.47	2700400	260.47
03/10/2012	251.21	256.1	249.56	255.92	2745600	255.92
02/10/2012	252.8	253.15	249.03	250.6	2195800	250.6
01/10/2012	255.4	256.16	250.49	252.01	2581200	252.01
28/09/2012	256.14	257	253.2	254.32	2456600	254.32
27/09/2012	250.54	257.4	250.52	256.59	3397400	256.59
26/09/2012	252.4	254.61	248.23	249.67	2920500	249.67
25/09/2012	256.33	258.95	251.03	252.46	4405800	252.46
24/09/2012	255.22	255.6	253	254.8	2707900	254.8
21/09/2012	261.74	262	256.74	257.47	6059300	257.47
20/09/2012	260.03	260.87	258	260.81	2913600	260.81
19/09/2012	259.45	262.84	258.53	261.68	2636800	261.68
18/09/2012	258.48	260.5	257	258.75	2215000	258.75
17/09/2012	261.25	261.25	257	258	2306300	258
14/09/2012	261.4	264.11	259.77	261.27	3666200	261.27
13/09/2012	254.94	262	253.8	260.24	3525600	260.24
12/09/2012	256.5	257.78	253.5	255.63	2273200	255.63
11/09/2012	257.6	257.6	254.26	255.67	2524800	255.67
10/09/2012	259	260	256.82	257.09	2567200	257.09
07/09/2012	253.85	259.42	253.52	259.14	5029500	259.14
06/09/2012	248.23	252.7	247.2	251.38	5361400	251.38
05/09/2012	247.61	248.61	245.3	246.22	2652600	246.22
04/09/2012	248.27	251	244.66	247.88	3950800	247.88
31/08/2012	248.07	249.45	245.5	248.27	3347500	248.27
30/08/2012	246.99	250	245.25	246.22	3647500	246.22
29/08/2012	246.78	247.61	244.59	247.12	1772600	247.12
28/08/2012	243.97	246.78	243	246.11	2742300	246.11
27/08/2012	245.79	247.5	243.12	243.92	2929700	243.92
24/08/2012	241.68	246.87	241.36	245.74	3698800	245.74
23/08/2012	242.14	243.48	239.02	241.2	2453900	241.2
22/08/2012	239.4	244.9	238.8	243.1	2473700	243.1
21/08/2012	240.88	243.85	238.55	239.45	2571500	239.45
20/08/2012	241.37	241.65	238.2	240.35	1889900	240.35
17/08/2012	240.6	243.35	240.47	241.17	3085800	241.17
16/08/2012	237.72	242.82	236.2	241.55	4312100	241.55
15/08/2012	232.26	238.14	232.25	237.42	3264700	237.42
14/08/2012	234.71	236.72	232.62	233.19	2751000	233.19
13/08/2012	232.23	234.37	231	232.44	1997300	232.44
10/08/2012	233.08	234.85	231.43	232.75	1852500	232.75
09/08/2012	233.93	235.99	233.5	234.06	1548100	234.06
08/08/2012	235.29	236.45	233.59	234.38	1534300	234.38
07/08/2012	234.13	238	233.25	236.56	2058300	236.56
06/08/2012	235.56	235.74	233.81	233.99	1843700	233.99
03/08/2012	234.03	236.49	233.03	234.97	2825300	234.97
02/08/2012	230.56	234.34	228.66	230.81	3048100	230.81
01/08/2012	234.14	234.38	230.7	232.09	2543800	232.09
31/07/2012	235.1	236.3	231.61	233.3	3453600	233.3
30/07/2012	237	240.74	234.07	236.09	3736400	236.09
27/07/2012	225.25	238.34	224.5	237.32	11313900	237.32
26/07/2012	220	221.45	214.95	220.01	6937400	220.01
25/07/2012	222	222.5	215.91	217.05	3646700	217.05
24/07/2012	226.27	226.61	221.23	223.04	5008700	223.04
23/07/2012	224.72	226.58	221.54	226.01	5515100	226.01
20/07/2012	225.36	229.39	225.29	228.29	4170000	228.29
19/07/2012	220.73	227.5	220.69	226.17	5449400	226.17
18/07/2012	216.15	218.67	215.71	217.47	2093000	217.47
17/07/2012	217.45	217.94	213.96	216.93	1987000	216.93
16/07/2012	216.6	218.31	214.46	216.01	2004200	216.01
13/07/2012	215.63	219.31	213.88	218.39	2221900	218.39
12/07/2012	216.61	217.3	212.61	215.36	2616200	215.36
11/07/2012	218.95	221.74	215.34	218.37	2734700	218.37
10/07/2012	226.25	227.14	218.28	219.5	2982100	219.5
09/07/2012	225	226	223.45	225.05	1922000	225.05
06/07/2012	226.35	228.9	224.18	225.05	3203200	225.05
05/07/2012	228.62	230.5	226.53	227.06	2682300	227.06
03/07/2012	229.14	229.53	227.59	229.53	1331700	229.53
02/07/2012	229.3	229.34	226.34	229.32	2330700	229.32
29/06/2012	224.7	228.35	223.71	228.35	3614400	228.35
28/06/2012	223.92	224.62	218.75	221.31	2994800	221.31
27/06/2012	225.01	227.5	223.3	225.62	2799200	225.62
26/06/2012	221.45	226.39	221.45	225.61	3754100	225.61
25/06/2012	220.3	221.59	218	220.07	2382300	220.07
22/06/2012	221.83	222.51	219.35	222.16	2187500	222.16
21/06/2012	223.84	226.03	220.52	220.57	2843000	220.57
20/06/2012	224.51	224.74	220.84	223.02	2444400	223.02
19/06/2012	223.26	225.2	221.66	224.03	2716600	224.03
18/06/2012	217.28	223.76	216.73	222.66	3369600	222.66
15/06/2012	215.29	219.33	214.46	218.35	3785200	218.35
14/06/2012	215.26	216.5	212.56	214.45	3060900	214.45
13/06/2012	215.52	217.38	213.52	214.73	2325200	214.73
12/06/2012	217.65	218	214.52	216.42	2833300	216.42
11/06/2012	217.49	220.87	215.2	216.5	3749100	216.5
08/06/2012	218.61	219.42	216.66	218.48	2877000	218.48
07/06/2012	219.65	221.49	218.11	218.8	3503900	218.8
06/06/2012	214.63	218.4	214.52	217.64	2710100	217.64
05/06/2012	213.85	216.86	211.16	213.21	3543900	213.21
04/06/2012	207.4	215.35	206.37	214.57	4299600	214.57
01/06/2012	208.44	211.23	207.3	208.22	3951500	208.22
31/05/2012	209.48	213.79	207.11	212.91	4944000	212.91
30/05/2012	212.14	212.98	207.75	209.23	4078200	209.23
29/05/2012	214.3	216.55	212.29	214.75	2693900	214.75
25/05/2012	214.99	215.98	212.22	212.89	2171400	212.89
24/05/2012	216.98	217.66	212.7	215.24	3141100	215.24
23/05/2012	214.71	217.55	211.18	217.28	4243800	217.28
22/05/2012	218.31	218.87	213.96	215.33	3733100	215.33
21/05/2012	214.03	219.98	212.82	218.11	3579800	218.11
18/05/2012	219.41	219.63	212.81	213.85	5231700	213.85
17/05/2012	225.05	226	218.09	218.36	4505500	218.36
16/05/2012	225	228	222.5	224.06	5261800	224.06
15/05/2012	226.5	230.61	223	224.39	5713700	224.39
14/05/2012	225.6	227.29	222.51	222.93	3096600	222.93
11/05/2012	225.95	230.68	225.73	227.68	4193600	227.68
10/05/2012	223.91	229.08	221.95	226.69	4648400	226.69
09/05/2012	220.59	225.78	220.16	222.98	3712000	222.98
08/05/2012	223.15	225.39	218.2	223.9	4522400	223.9
07/05/2012	222.36	226.87	222.29	225.16	3314300	225.16
04/05/2012	227.8	229.72	223.74	223.99	4585200	223.99
03/05/2012	229.74	232.53	228.03	229.45	4055500	229.45
02/05/2012	227.82	231.44	227.4	230.25	4593400	230.25
01/05/2012	229.4	232.97	228.4	230.04	6754900	230.04
30/04/2012	223.95	233.84	223.05	231.9	9756900	231.9
27/04/2012	224.83	228.69	220.22	226.85	22116900	226.85
26/04/2012	193.57	196.36	193.02	195.99	10234000	195.99
25/04/2012	191.67	194.8	191.6	194.42	3955100	194.42
24/04/2012	188.68	190.7	186.51	190.33	3376300	190.33
23/04/2012	188.99	188.99	185.51	188.24	3481000	188.24
20/04/2012	192.34	193.48	189.8	189.98	3243600	189.98
19/04/2012	192.93	194.55	189.75	191.1	4002400	191.1
18/04/2012	188.82	193.45	188.74	191.07	4001900	191.07
17/04/2012	187.21	190.04	186.87	188.39	2829200	188.39
16/04/2012	189.01	189.47	183.65	185.5	4044300	185.5
13/04/2012	189.9	189.94	186.26	188.46	3431800	188.46
12/04/2012	188.06	192.26	185.61	190.69	4027900	190.69
11/04/2012	189.63	191.97	186.79	187.97	4337800	187.97
10/04/2012	192.75	193.52	186.57	186.98	4455000	186.98
09/04/2012	192.02	194.2	190.5	191.87	3135900	191.87
05/04/2012	193.55	196.03	193.55	194.39	3217500	194.39
04/04/2012	196.95	197.68	192.36	193.99	5456900	193.99
03/04/2012	198.24	202.39	197.5	199.66	5000700	199.66
02/04/2012	198.02	199.9	197	198.05	6430300	198.05
30/03/2012	205.02	206.85	201.87	202.51	4438100	202.51
29/03/2012	201.28	205.31	200.63	204.61	5711200	204.61
28/03/2012	206.14	207	200.31	201.16	6245000	201.16
27/03/2012	203.59	209.85	202.88	205.44	9600800	205.44
26/03/2012	196.48	202.97	195.5	202.87	7613700	202.87
23/03/2012	192.01	196.2	191.8	195.04	5984000	195.04
22/03/2012	190.54	194.06	190.26	192.4	3739600	192.4
21/03/2012	192.5	194.28	191.26	191.73	4214400	191.73
20/03/2012	184.88	194.41	182.88	192.33	9165400	192.33
19/03/2012	183.45	186.68	183	185.52	3903400	185.52
16/03/2012	183.28	185.68	182.35	185.05	4934000	185.05
15/03/2012	182.02	184.43	180.3	184.43	4160100	184.43
14/03/2012	183.65	184.32	181.14	182.26	3699700	182.26
13/03/2012	183.92	184.87	180.77	184.59	4405800	184.59
12/03/2012	184.13	185.4	182.2	183.39	2587600	183.39
09/03/2012	186.79	187.2	183.44	184.32	4510600	184.32
08/03/2012	184.17	188.38	183.8	187.64	4221500	187.64
07/03/2012	182.65	185.5	182.4	183.77	4951500	183.77
06/03/2012	178.68	183.5	178.04	181.09	5612200	181.09
05/03/2012	179	181.82	178.18	180.26	4682700	180.26
02/03/2012	179.48	181.84	178.92	179.3	3657800	179.3
01/03/2012	179.89	180.49	176.58	180.04	4936000	180.04
29/02/2012	183.89	184	179.01	179.69	5300300	179.69
28/02/2012	178.9	184.29	177.95	183.8	5764500	183.8
27/02/2012	177.54	179.19	176.5	178.53	3706200	178.53
24/02/2012	179.7	180.74	178.37	179.13	3668700	179.13
23/02/2012	179.64	180.75	176.96	178.89	5153800	178.89
22/02/2012	181.95	182.99	180.29	180.58	5785400	180.58
21/02/2012	182.65	184.75	180.58	182.26	6756500	182.26
17/02/2012	180.09	183.41	179.36	182.5	7418100	182.5
16/02/2012	177.79	181.68	175.14	179.93	12563800	179.93
15/02/2012	191.29	191.54	183.26	184.47	7794400	184.47
14/02/2012	191.08	193.57	186.1	191.3	9527100	191.3
13/02/2012	187.17	192.5	185.68	191.59	6071400	191.59
10/02/2012	183.42	187.63	182.52	185.54	5797100	185.54
09/02/2012	184.5	185.69	181.76	184.98	7189200	184.98
08/02/2012	184.95	186.49	182.91	185.48	5476600	185.48
07/02/2012	182.65	184.94	182.06	184.19	5103900	184.19
06/02/2012	186.28	186.56	182.92	183.14	5310000	183.14
03/02/2012	182.83	187.9	181.89	187.68	8120500	187.68
02/02/2012	179.65	181.94	176.8	181.72	8736300	181.72
01/02/2012	173.81	179.95	172	179.46	21336600	179.46
31/01/2012	194	195.63	189.7	194.44	12772200	194.44
30/01/2012	193.68	195	190.13	192.15	5424100	192.15
27/01/2012	193.09	196.5	192.33	195.37	4659000	195.37
26/01/2012	189.3	194.85	188.73	193.32	5873600	193.32
25/01/2012	186.99	188.17	184.61	187.8	4306400	187.8
24/01/2012	185	188.41	183.82	187	4673800	187
23/01/2012	190.79	191.73	185.23	186.09	4585300	186.09
20/01/2012	190.71	192.9	189.04	190.93	5610300	190.93
19/01/2012	190.88	195.94	190.36	194.45	7096000	194.45
18/01/2012	181.94	190.25	181.12	189.44	7473500	189.44
17/01/2012	180.15	183.3	178.51	181.66	5644500	181.66
13/01/2012	175.81	178.8	173.5	178.42	4753500	178.42
12/01/2012	179.42	179.49	175.75	175.93	5385800	175.93
11/01/2012	179.64	180.77	178.19	178.9	3102700	178.9
10/01/2012	181.1	182.4	177.1	179.34	3985800	179.34
09/01/2012	182.76	184.37	177	178.56	5056900	178.56
06/01/2012	178.07	184.65	177.5	182.61	7008400	182.61
05/01/2012	175.94	178.25	174.05	177.61	3809100	177.61
04/01/2012	179.21	180.5	176.07	177.51	4205200	177.51
03/01/2012	175.89	179.48	175.55	179.03	5110800	179.03