Date	Neutral	Negative	Positive
2011-12-31	0	0	1
2012-01-01	2	1	0
2012-01-02	2	3	1
2012-01-03	14	1	7
2012-01-04	11	0	6
2012-01-05	8	1	3
2012-01-06	11	1	13
2012-01-07	4	0	1
2012-01-08	2	1	2
2012-01-09	14	8	2
2012-01-10	9	2	9
2012-01-11	2	1	6
2012-01-12	3	5	7
2012-01-13	10	0	6
2012-01-14	0	0	7
2012-01-15	2	1	4
2012-01-16	6	1	4
2012-01-17	6	5	6
2012-01-18	25	0	15
2012-01-19	11	0	4
2012-01-20	10	12	2
2012-01-21	0	1	1
2012-01-22	2	1	1
2012-01-23	8	5	4
2012-01-24	10	5	5
2012-01-25	11	2	6
2012-01-26	10	3	5
2012-01-27	11	0	2
2012-01-28	3	0	0
2012-01-29	7	0	1
2012-01-30	21	8	6
2012-01-31	38	35	10
2012-02-01	19	13	5
2012-02-02	15	4	4
2012-02-03	15	1	7
2012-02-04	7	2	2
2012-02-05	2	1	0
2012-02-06	10	5	7
2012-02-07	8	6	8
2012-02-08	12	4	10
2012-02-09	3	9	3
2012-02-10	5	5	10
2012-02-11	0	2	0
2012-02-12	2	0	0
2012-02-13	12	4	10
2012-02-14	21	16	9
2012-02-15	12	8	2
2012-02-16	17	12	10
2012-02-17	7	9	4
2012-02-19	2	0	0
2012-02-20	7	1	1
2012-02-21	8	6	4
2012-02-22	8	5	0
2012-02-23	7	6	2
2012-02-24	5	5	3
2012-02-25	1	0	1
2012-02-26	5	1	0
2012-02-27	3	1	1
2012-02-28	7	1	2
2012-02-29	9	7	0
2012-03-01	11	3	0
2012-03-02	7	0	3
2012-03-03	2	0	0
2012-03-04	2	1	0
2012-03-05	10	1	7
2012-03-06	16	4	13
2012-03-07	11	0	8
2012-03-08	11	1	6
2012-03-09	8	7	2
2012-03-10	3	3	0
2012-03-11	6	4	1
2012-03-12	8	13	1
2012-03-13	6	2	1
2012-03-14	10	6	1
2012-03-15	10	3	3
2012-03-16	6	5	7
2012-03-17	5	2	0
2012-03-18	2	0	0
2012-03-19	17	5	3
2012-03-20	29	8	16
2012-03-21	11	1	5
2012-03-22	17	1	5
2012-03-23	8	4	7
2012-03-24	0	0	1
2012-03-25	5	0	2
2012-03-26	8	2	17
2012-03-27	14	9	16
2012-03-28	19	9	5
2012-03-29	13	6	11
2012-03-30	12	4	5
2012-03-31	0	1	1
2012-04-01	2	2	2
2012-04-02	8	11	2
2012-04-03	10	2	7
2012-04-04	9	6	7
2012-04-05	9	1	1
2012-04-06	4	1	3
2012-04-07	1	3	0
2012-04-08	1	1	0
2012-04-09	6	0	3
2012-04-10	12	2	4
2012-04-11	8	5	7
2012-04-12	6	2	6
2012-04-13	13	3	3
2012-04-14	0	2	0
2012-04-15	5	0	1
2012-04-16	14	4	0
2012-04-17	9	1	3
2012-04-18	9	5	8
2012-04-19	6	2	2
2012-04-20	5	0	1
2012-04-21	6	0	0
2012-04-22	5	1	4
2012-04-23	8	2	3
2012-04-24	11	2	1
2012-04-25	13	3	2
2012-04-26	81	14	35
2012-04-27	48	12	31
2012-04-28	5	0	2
2012-04-29	6	2	2
2012-04-30	27	9	9
2012-05-01	11	4	0
2012-05-02	15	12	5
2012-05-03	6	10	1
2012-05-04	9	7	1
2012-05-05	2	2	3
2012-05-06	5	2	1
2012-05-07	10	1	2
2012-05-08	10	6	1
2012-05-09	5	2	2
2012-05-10	7	6	3
2012-05-11	4	2	7
2012-05-12	2	1	0
2012-05-13	1	1	0
2012-05-14	12	5	1
2012-05-15	11	2	4
2012-05-16	9	12	2
2012-05-17	13	5	2
2012-05-18	19	4	2
2012-05-19	7	0	0
2012-05-20	3	1	1
2012-05-21	13	2	2
2012-05-22	11	3	2
2012-05-23	5	3	3
2012-05-24	7	5	0
2012-05-25	17	2	0
2012-05-26	7	0	0
2012-05-27	5	1	1
2012-05-28	4	2	0
2012-05-29	12	3	3
2012-05-30	9	6	1
2012-05-31	3	2	3
2012-06-01	4	1	2
2012-06-02	2	0	0
2012-06-03	4	0	0
2012-06-04	4	3	5
2012-06-05	8	1	3
2012-06-06	5	2	2
2012-06-07	6	2	2
2012-06-08	5	1	2
2012-06-09	7	0	4
2012-06-10	7	2	0
2012-06-11	1	11	3
2012-06-12	8	3	2
2012-06-13	10	2	6
2012-06-14	13	0	1
2012-06-15	10	2	2
2012-06-16	2	0	0
2012-06-17	2	0	0
2012-06-18	8	1	5
2012-06-19	3	1	3
2012-06-20	6	0	1
2012-06-21	14	0	3
2012-06-22	13	4	1
2012-06-24	4	2	0
2012-06-25	10	1	3
2012-06-26	15	4	8
2012-06-27	12	8	4
2012-06-28	12	6	3
2012-06-29	6	0	2
2012-06-30	4	1	5
2012-07-01	3	1	3
2012-07-02	10	1	1
2012-07-03	4	2	0
2012-07-04	6	1	1
2012-07-05	16	1	2
2012-07-06	17	5	5
2012-07-07	2	2	1
2012-07-08	4	0	1
2012-07-09	12	3	2
2012-07-10	9	4	2
2012-07-11	10	4	4
2012-07-12	10	3	3
2012-07-13	5	4	2
2012-07-14	1	0	0
2012-07-15	1	4	0
2012-07-16	10	4	1
2012-07-17	10	3	2
2012-07-18	10	3	2
2012-07-19	6	0	5
2012-07-20	8	1	6
2012-07-21	8	0	1
2012-07-22	1	1	1
2012-07-23	14	5	1
2012-07-24	7	2	1
2012-07-25	11	1	5
2012-07-26	37	85	10
2012-07-27	42	7	10
2012-07-28	1	1	3
2012-07-29	5	1	1
2012-07-30	7	1	2
2012-07-31	11	3	3
2012-08-01	25	5	2
2012-08-02	7	2	2
2012-08-03	6	0	3
2012-08-04	1	0	1
2012-08-05	5	0	0
2012-08-06	14	4	0
2012-08-07	15	1	1
2012-08-08	11	5	3
2012-08-09	9	1	2
2012-08-10	6	1	4
2012-08-11	2	0	0
2012-08-12	3	0	1
2012-08-13	4	2	3
2012-08-14	8	1	4
2012-08-15	12	0	4
2012-08-16	11	3	7
2012-08-17	5	1	2
2012-08-18	4	1	2
2012-08-19	5	0	1
2012-08-20	6	2	5
2012-08-21	12	3	5
2012-08-22	10	1	9
2012-08-23	19	3	2
2012-08-24	18	2	22
2012-08-25	4	1	0
2012-08-26	5	0	0
2012-08-27	20	1	3
2012-08-28	42	1	8
2012-08-29	21	3	2
2012-08-30	21	1	17
2012-08-31	21	0	6
2012-09-01	3	0	1
2012-09-02	2	2	1
2012-09-03	7	1	1
2012-09-04	27	3	3
2012-09-05	7	1	1
2012-09-06	65	10	20
2012-09-07	26	6	19
2012-09-08	3	4	6
2012-09-09	5	0	0
2012-09-10	19	4	3
2012-09-11	21	4	4
2012-09-12	9	5	4
2012-09-13	14	2	6
2012-09-14	12	4	4
2012-09-15	3	0	0
2012-09-16	2	0	0
2012-09-17	1	0	0
2012-09-18	31	0	2
2012-09-19	21	4	5
2012-09-20	15	14	2
2012-09-21	10	5	2
2012-09-22	3	1	2
2012-09-23	6	2	0
2012-09-24	7	4	0
2012-09-25	10	3	5
2012-09-26	13	11	2
2012-09-27	11	1	3
2012-09-28	15	3	2
2012-09-29	2	2	1
2012-09-30	6	0	0
2012-10-01	13	4	5
2012-10-02	5	2	2
2012-10-03	15	3	3
2012-10-04	16	4	6
2012-10-05	16	1	4
2012-10-06	3	0	1
2012-10-07	5	0	0
2012-10-08	15	0	6
2012-10-09	10	4	5
2012-10-10	13	7	4
2012-10-11	9	4	2
2012-10-12	21	12	5
2012-10-13	2	2	0
2012-10-14	3	0	1
2012-10-15	28	8	4
2012-10-16	25	12	13
2012-10-17	13	3	7
2012-10-18	17	8	7
2012-10-19	22	5	4
2012-10-20	3	0	1
2012-10-21	6	1	1
2012-10-22	16	20	2
2012-10-23	15	6	11
2012-10-24	18	7	4
2012-10-25	68	58	14
2012-10-26	54	31	15
2012-10-27	10	2	3
2012-10-28	4	3	1
2012-10-29	13	4	6
2012-10-30	12	3	1
2012-10-31	10	4	1
2012-11-01	11	2	4
2012-11-02	10	5	0
2012-11-03	2	1	0
2012-11-04	2	0	0
2012-11-05	14	1	3
2012-11-06	25	3	7
2012-11-07	12	2	4
2012-11-08	29	1	6
2012-11-09	7	2	5
2012-11-10	2	0	0
2012-11-11	4	1	0
2012-11-12	16	4	1
2012-11-13	12	0	2
2012-11-14	3	4	0
2012-11-15	11	2	3
2012-11-16	7	4	5
2012-11-17	5	2	1
2012-11-18	4	1	0
2012-11-19	11	4	4
2012-11-20	16	2	4
2012-11-21	10	6	1
2012-11-22	2	0	2
2012-11-23	6	0	3
2012-11-24	1	1	2
2012-11-25	9	0	1
2012-11-26	35	8	8
2012-11-27	19	4	8
2012-11-28	18	2	2
2012-11-29	22	7	4
2012-11-30	13	2	2
2012-12-01	4	0	0
2012-12-02	7	0	2
2012-12-03	9	3	3
2012-12-04	16	2	7
2012-12-05	10	1	5
2012-12-06	11	0	4
2012-12-07	4	2	1
2012-12-08	1	0	2
2012-12-09	4	1	0
2012-12-10	13	5	3
2012-12-11	7	4	3
2012-12-12	12	0	2
2012-12-13	8	2	1
2012-12-14	8	3	2
2012-12-15	1	0	0
2012-12-16	3	0	0
2012-12-17	11	0	5
2012-12-18	12	4	13
2012-12-19	6	6	2
2012-12-20	13	5	3
2012-12-21	7	1	2
2012-12-22	3	0	0
2012-12-23	2	0	1
2012-12-24	6	8	2
2012-12-25	1	0	0
2012-12-26	12	11	2
2012-12-27	14	4	17
2012-12-28	5	6	6
2012-12-29	12	0	1
2012-12-30	5	1	1
2012-12-31	7	1	1